111111111111111111111111111111111111111111111111111111111111111111111111111111111111111111111111111
110101100000100111001100100101011111000001110100000110110110101000010010000000011001000001011011001
111000000111000011000001001001000100111001000000110011011101011000100000100000000011001000011000101
100000000000001001001000100000000100100010001100000000010000101000000001000000010010001001100100101
100000010000000000100000010000110000000001000001000000000000010101101110000101000001000000000000001
101000001001000000001010000100100111000000101000010000010001000011000000000000000000010000000000101
110000001000000001010000000010000000000000000000000000000000000000000100000000000000010000000010111
..X

110010000000111000000100000001000000011000000011100110110010100100000001001000000000101000010000101
110010000001001000000011100000000000000111101000000000000001000010101000000010000000000111000001011
110100100010000100101110001100000011010000100000100100000001000100010000000000011000110000000001001
111001000100000000000001001000100000100000100000000000000000010011010000100000000001001001000000011
100100011000000000000000000010010111100001000000000001000000110000100111100010001001001000000011101
100000010000010011000000111000011000100000000110101000000000000000000010000011000000000001001000001
100000100010011100001000000000100000100100000000010000111100000000001010010001000001100001000010011
110100000100000000100100000101001100000100010000100100000100001011000100011000110100110000000000001
101101011000000011100000000110000000010111010000000001001011000100000000100100000001000010100100001
100010000000000000010000101000000001000010100011101111000000011000100001000110000000000001000100001
101010000101100100000000000000000000010001000001000010000000000010010000000000001110010000010001011
101000000001000100001101110000100010101100010000000000011000100101010000001001010010001101010000001
110100000001010000011011000001000010001000101100010010000000100010001000000100000000100000010010101
110000100000010000110000000010011000000000000010010010101100001000000001100010010010000000101010011
100100000000000100100100000000010100000000010011001000100111000001001000000000010101000001000000111
110001011010000000000000000000100000001010000000001100110000010000000001001000000000010000000000001
110000000010100000000000001100001000000011001000010001001010110110010010010000000011000010010100011
101001000010000000000010010001000001100100100111000000000001001001011000000100010001000000101010001
100000001000000001000000101000000110011000000100000000000000001100110000111000100001000000000101011
100000100001000100000000000000100000110101001010100011000000010010000010000110000000001000100110001
100001000100110001000000000010000110100010100100010000100000000000000000001001100000010000010000001
111010000000010011000100000000010001110100000000100100000010000000101000000000000000010100001011001
101100110000001010000000000100110000001000000010111000100000000000001000000100000100010010001100011
110111000000010000001000000000101010001100000010010001000101000000000101000000010000100000100001011
100000000000100000000110000000000011010001000000000000000101110000000011001000100000100000000000101
100110000000000010010001000010000100000000110000001100010000010010100100101000001100011001000100001
101000100000100000001000010000001001000010110000000010000000000100001001000000001110000011001000101
110000100011100000101000000001000100000011101001000100001000000110000101000000100110000000100000011
101100000110000000100000001010000001010000000100000000000010001101010010110110000011000100000010001
101000000000011000010001001000000000100000000000000000010000000001010010111000010001000000000000011
111000000100000101000000111100000010000000000000000010001000010000100000010000000010100100000000001
100001000000100000010000110000000111000000000000000000000111000000000001000001010001000000001001001
110000000000010000000001010000000100001000000000000001000000000000001100100000000100010000010000001
110000001100000010101001000000110000100000001001000000000000000000000100000000000000100000010000001
110000000010000000100001100000000000001000000000000000000000001000001000001110000100001000100000011
101000001000100100000000110000100000000010000000000000000000000001001011000000000000100000100001101
100010000001010001000001000000010100000000000000000000000000000000100010010000001000010000010000011
110100001000000000100000000100000100000100000000000000000010000000000011100000100100000000100000001
100000001000000101000000000101011000000000000000000000000000000000000001000000101000001000000100011
110100011000000100000000000001000010000000000000000000000000000010000000000011000000100100000001001
110000000000000100000011000000000010000000000000000000000000000000000001000000000100000010000000101
110001101000011000000001000000100000000000000000000000000000000000010100000000010000000000001000011
100100000000000100001000000100000100000000000000000000000000000000001000000001000000100000000010001
110000000100001000001010100000010000000000000000000000000000000000000001000100000000010010000000111
110000001000000010000010000000100000000000000000000000000000100000010000001000000000100000000001101
100101010000000001000000100000100000000000000000000000000000000001000000000010000000100001001000111
101010001000000000000011000001000000000000000000000000000000000000001000000001000000010000000100011
101110010001000001000001000000000010000000000000000000000000000000000001000000100001000000001000001
100000000011000000000000101000100000000000000000000000000100000000000000000001000000010000000000001
111000000001001100000000010000100000000000000000000000000000000000001000000001000000100000100000101
111000000000000001000000100000000010000000000000000000000000000000010000001000001000000000100000101
111001000100000010000001000000000010000000000000000000000000000001000000010000010000000000010001001
100000000000100100010000000000001000000010000000000000000000000000000100000001000000000000010000001
110000000000000000010000000001000100000000000000000000000001000000000000000001000001000000001001101
110000000000100001000000100000000000000000000001000000000000000000100000000000010000001000010010001
110010000000010000000000100001000001000000000000000000000100000000000000100000010001000000000000001
110000100010000000000100000000100001000000000000000000000000000000010000000100000001010011000000011
101001000010000000100000000001000000010000000000000000000000000010001000000000000010010000000000001
101000000000000010000000100000000001000000000000000000000000000010000001000000000010000001000000111
100001000000000000000101000010000000000000000010000000000000000010000000000000001000000010000100011
110101000000000001001000000000000001010000000000000000000000010001000000000010000000000100000000011
110010000000000000001000000000100000001000000000000000000010000000000001000000000010000000000000011
110001000000010000000100000000100000000000000000000000100000000100000000000000100000000010000100011
110100000001010000000100000000010000000000000000100000000010000010000000000100000000000100000000101
100001000000010000000000001000000000000000000100000000100000000001000000000000100000000001000000001
110010010000000000000000010100000000100000000000000000010000000000000000000010000000001000000010011
110110000000010000100000100000000100000000000000000000000000000000010000001000010000000000100000001
111000000010000000000000001001000001000000000000000000000000000001000000000100010000000000000000011
100000110000000000000000001000000000000010000000000000000000000010010000000000000001000000000101011
110000010000000000000100000010000000000010000000000000001000000000000001000000000001000000010000101
101100000001000000100000000001000000000000010000000000000100000000010000000000000001000100000000011
110000000000010000100000000010000000000000000000010000001000000000000000100000000010000000100000001
110000000001000000010000000001000000000000000000000000100000000001000000000000000000000000011001011
101000000001000000001000000000100000000000000000000000000000000000010000000001000000000100000001001
101000000000000000100000001000000000010000000000000000000000000010000000000000001000010000000001011
100010000000000000000000100000000001000000000000000000000000000000100001000000000000000001000010011
100100000000000001000000000010000000010000000000000000000001000000000000000100000001000001000000011
101100000000010010000000000100000000000000010000000000001000000000001000000000000000100000001000011
111000100000001000000000001000000000000000000000010000000100000000000000010000000001001000000000001
100010110000000010000000001000000000000000000000001000000000000000010000000000010000000000000010011
110100000000100000000100000000100000000000000000000000000000000000000010000000001000000000000010101
100001000000010000000010000000100000000000000000000000000000000000010000000000000000001000000000011
100100000100000100001000000000000010000000000000000000000000000100000000000000010000000100000010001
110010000000001000000010000000000000000010000000000000000000000000101000000000000000000010000010101
100000000000100000000000001000000000010000000000000000000000000100000000010000000000100000000000101
101000000000000001000000000000001000000000010000000000000100000000000000000000100000000001000100011
101000001000000000001000010000000000000000000000010000000000000000000000010000000000000000000010001
110001000000010000000000001000000000000000000000000000000000000000000000001000000000000100000001001
111001000000000000000100000010000000000000000000000000000000000000001000000000000010000010000000011
110000000000000100010000000000100000000000000000000000000000000000010000010000000000000000000100001
110000100000000000010000000000000000001000000000000000000000000000010000000000100000000000000100101
111111111111111111111111111111111111111111111111111111111111111111111111111111111111111111111111111