111111111111111111111111111111111111111111111111111111111111111111111111111111111111111111111111111
110000000000000100000000000000010000000000000000000100000000001000000000000000001000000000001000001
   X X     X   XXX  XX  X  X X XXXXX  etc etc                                                        (lot wrong with vert)
.. .  ..... ..   ..  .. .. . .     .
111000000100000000000001000000000000010000000000000000000000001000000000100000000000000000011000101
100000000000001000001000000000000000000010000000000000000000001000000000000000000010000000000100101
100000010000000000100000000000100000000000000000000000000000000000000100000001000001000000000000001
101000000001000000001000000000100000000000000000000000000000000001000000000000000000010000000000101
110000001000000001000000000010000000000000000000000000000000000000000100000000000000010000000010111
110010000000100000000000000001000000000000000010000100000000000000000000001000000000001000010000001
110000000001000000000001000000000000000000001000000000000001000000001000000000000000000001000000001
110000000010000000000010000000000000010000000000100000000000000000010000000000000000100000000001001
110000000100000000000000001000000000000000100000000000000000010000000000100000000000000001000000001
100000011000000000000000000010000001000000000000000000000000000000100001000000000000001000000001101
100000000000010001000000000000010000000000000000000000000000000000000010000001000000000001000000001
100000000000010000001000000000100000000000000000000000000000000000000010000000000000100001000010011
110100000100000000000100000001000000000000000000000000000000000000000000001000000000010000000000001
101000010000000010000000000100000000000000000000000000000000000000000000100000000001000000000100001
100010000000000000010000001000000000000000000010000001000000000000000000000010000000000000000100001
100010000000100000000000000000000000010001000000000010000000000000010000000000000100000000010001011
101000000001000000000100000000000000000100000000000000000000000100000000000000010000000001010000001
100100000001010000001000000000000010000000000000000000000000000010000000000100000000100000000010101
110000000000010000010000000000010000000000000000000000000000001000000000000000010000000000001010011
100100000000000100100000000000000000000000000010000000000000000000001000000000010100000001000000111
110000001000000000000000000000100000000000000000001000100000000000000001001000000000010000000000001
110000000010000000000000000100001000000001000000000000000000100000000000010000000001000000010000011
101001000010000000000010000001000000000000000100000000000000001000010000000000000001000000001010001
100000001000000001000000001000000000010000000000000000000000001000000000100000000001000000000100011
100000100001000100000000000000100000010000000000000000000000000010000010000100000000000000100100001
100000000000100001000000000010000100000000000000000000100000000000000000000001000000010000010000001
111010000000010000000000000000000001100000000000000000000010000000001000000000000000010000001011001
101100100000001000000000000100010000000000000010000000100000000000001000000100000000010000000100011
110110000000010000001000000000100000000000000000010001000001000000000000000000010000100000100000001
100000000000100000000100000000000010000001000000000000000001000000000001001000000000100000000000101
100110000000000010010000000000000100000000100000000000000000010000000000101000000000000001000100001
100000100000100000001000000000001000000010100000000000000000000000000001000000000100000001001000001
110000100001000000001000000000000100000000000000000100000000000010000001000000000010000000100000011
101100000010000000100000001000000001000000000000000000000000000100000000100000000010000100000010001
101000000000010000010000001000000000100000000000000000010000000000000000001000000001000000000000001
101000000100000000000000010000000010000000000000000000000000010000000000010000000010100100000000001
100001000000100000000000110000000001000000000000000000000010000000000001000000010001000000000001001
110000000000010000000001010000000100000000000000000000000000000000001000100000000100010000000000001
110000000000000000101000000000110000000000000000000000000000000000000100000000000000100000010000001
110000000010000000100001000000000000001000000000000000000000000000001000000010000100001000000000011
101000001000100100000000100000000000000010000000000000000000000000000011000000000000000000100001101
100010000000010001000001000000000100000000000000000000000000000000000010010000001000000000010000011
110100001000000000100000000100000100000000000000000000000010000000000000100000000100000000100000001
100000000000000101000000000100010000000000000000000000000000000000000001000000101000001000000000011
110100001000000100000000000001000010000000000000000000000000000010000000000001000000100100000001001
110000000000000100000001000000000010000000000000000000000000000000000001000000000100000010000000101
110001101000011000000001000000100000000000000000000000000000000000010100000000010000000000001000011
100000000000000100001000000100000100000000000000000000000000000000001000000001000000100000000010001
110000000100000000001010100000010000000000000000000000000000000000000001000100000000010010000000111
110000001000000010000010000000100000000000000000000000000000000000010000001000000000100000000001101
100101010000000001000000100000100000000000000000000000000000000001000000000010000000100001001000111
101010001000000000000011000001000000000000000000000000000000000000001000000001000000010000000100011
101110010001000001000001000000000010000000000000000000000000000000000001000000100001000000001000001
100000000011000000000000101000100000000000000000000000000100000000000000000001000000010000000000001
111000000001001100000000010000100000000000000000000000000000000000001000000001000000100000100000101
111000000000000001000000100000000010000000000000000000000000000000010000001000001000000000100000101
111001000100000010000001000000000010000000000000000000000000000001000000010000010000000000010001001
100000000000100100010000000000001000000010000000000000000000000000000100000001000000000000010000001
110000000000000000010000000001000100000000000000000000000001000000000000000001000001000000001001101
110000000000100001000000100000000000000000000001000000000000000000100000000000010000001000010010001
110010000000010000000000100001000001000000000000000000000100000000000000100000010001000000000000001
110000100010000000000100000000100001000000000000000000000000000000010000000100000001010011000000011
101001000010000000100000000001000000010000000000000000000000000010001000000000000010010000000000001
101000000000000010000000100000000001000000000000000000000000000010000001000000000010000001000000111
100001000000000000000101000010000000000000000010000000000000000010000000000000001000000010000100011
110101000000000001001000000000000001010000000000000000000000010001000000000010000000000100000000011
110010000000000000001000000000100000001000000000000000000010000000000001000000000010000000000000011
110001000000010000000100000000100000000000000000000000100000000100000000000000100000000010000100011
110100000001010000000100000000010000000000000000100000000010000010000000000100000000000100000000101
100001000000010000000000001000000000000000000100000000100000000001000000000000100000000001000000001
110010010000000000000000010100000000100000000000000000010000000000000000000010000000001000000010011
110110000000010000100000100000000100000000000000000000000000000000010000001000010000000000100000001
111000000010000000000000001001000001000000000000000000000000000001000000000100010000000000000000011
100000110000000000000000001000000000000010000000000000000000000010010000000000000001000000000101011
110000010000000000000100000010000000000010000000000000001000000000000001000000000001000000010000101
101100000001000000100000000001000000000000010000000000000100000000010000000000000001000100000000011
110000000000010000100000000010000000000000000000010000001000000000000000100000000010000000100000001
110000000001000000010000000001000000000000000000000000100000000001000000000000000000000000011001011
101000000001000000001000000000100000000000000000000000000000000000010000000001000000000100000001001
101000000000000000100000001000000000010000000000000000000000000010000000000000001000010000000001011
100010000000000000000000100000000001000000000000000000000000000000100001000000000000000001000010011
100100000000000001000000000010000000010000000000000000000001000000000000000100000001000001000000011
101100000000010010000000000100000000000000010000000000001000000000001000000000000000100000001000011
111000100000001000000000001000000000000000000000010000000100000000000000010000000001001000000000001
100010110000000010000000001000000000000000000000001000000000000000010000000000010000000000000010011
110100000000100000000100000000100000000000000000000000000000000000000010000000001000000000000010101
100001000000010000000010000000100000000000000000000000000000000000010000000000000000001000000000011
100100000100000100001000000000000010000000000000000000000000000100000000000000010000000100000010001
110010000000001000000010000000000000000010000000000000000000000000101000000000000000000010000010101
100000000000100000000000001000000000010000000000000000000000000100000000010000000000100000000000101
101000000000000001000000000000001000000000010000000000000100000000000000000000100000000001000100011
101000001000000000001000010000000000000000000000010000000000000000000000010000000000000000000010001
110001000000010000000000001000000000000000000000000000000000000000000000001000000000000100000001001
111001000000000000000100000010000000000000000000000000000000000000001000000000000010000010000000011
110000000000000100010000000000100000000000000000000000000000000000010000010000000000000000000100001
110000100000000000010000000000000000001000000000000000000000000000010000000000100000000000000100101
111111111111111111111111111111111111111111111111111111111111111111111111111111111111111111111111111